11
13
14
15
17
18
20
24
26
27
28
30
31
32
34
36
37
39
40
41
43
45
46
48
49
50
51
52
53
54
55
56
57
58
59
60
61
62
63
64
66
67
68
70
72
73
74
77
80
84
85
86
88
90
91
92
93
94
95
96
98
100
101
102
103
104
105
106
108
109
110
112
113
114
116
117
118
120
122
124
125
126
127
128
129
130
131
132
133
134
135
136
137
138
140
141
142
151
152
153
154
158
159
161
163
165
167
171
172
173
176
178
179
180
181
182
184
185
186
188
190
192
193
194
198
199
201
203
205
206
208
210
212
213
214
218
219
220
222
223
224
226
227
228
230
