1
2
2
2
2
2
2
2
2
4
4
4
4
4
4
4
4
4
4
4
4
4
4
4
4
4
4
4
4
4
4
4
4
4
4
4
4
4
4
4
4
4
4
4
4
4
8
8
8
8
8
8
8
8
8
8
8
8
8
8
8
8
8
8
8
8
8
8
8
8
8
8
8
8
4
4
4
4
4
4
4
4
8
8
8
8
8
8
8
8
8
8
8
8
8
8
8
8
8
8
8
8
8
8
8
8
8
8
8
8
8
8
8
8
8
8
8
8
8
8
8
8
16
16
16
16
16
16
16
16
16
16
16
16
16
16
16
16
16
16
16
16
3
3
3
3
6
6
6
6
6
6
6
6
6
6
6
6
6
6
6
12
12
12
12
12
12
6
6
6
6
6
6
6
12
12
12
12
12
12
12
12
12
12
12
12
12
12
12
12
24
24
24
24
12
12
12
12
12
24
24
24
24
24
24
24
24
24
24
24
24
24
24
24
24
24
24
24
24
24
48
48
48
48
48
48
48
48
48
48
